Hour,PV_Actual
0,0
1,0
2,0
3,0
4,0
5,0
6,0
7,0
8,0
9,0
10,0
11,24.17
12,72.6
13,90.39
14,142.49
15,329.34
16,485.42
17,593.46
18,634.29
19,612.58
20,499.88
21,301.46
22,0
23,0
24,0
25,0
26,0
27,0
28,0
29,0
30,0
31,0
32,0
33,0
34,0
35,23.65
36,73.51
37,90.16
38,137.15
39,332.68
40,478.87
41,576.36
42,620.74
43,548.52
44,448.46
45,292.76
46,0
47,0
48,0
49,0
50,0
51,0
52,0
53,0
54,0
55,0
56,0
57,0
58,0
59,23.08
60,58
61,79.43
62,132.38
63,327.81
64,489.13
65,591.78
66,595.04
67,529.41
68,509.13
69,248.04
70,0
71,0
72,0
73,0
74,0
75,0
76,0
77,0
78,0
79,0
80,0
81,0
82,0
83,22.51
84,65.74
85,84.71
86,134.17
87,328.83
88,487.18
89,585.84
90,644.56
91,623.33
92,489.63
93,164.31
94,0
95,0
96,0
97,0
98,0
99,0
100,0
101,0
102,0
103,0
104,0
105,0
106,0
107,22.55
108,55.02
109,92.22
110,143.7
111,326.43
112,486.39
113,594.78
114,641.06
115,604.41
116,501.59
117,264.64
118,0
119,0
120,0
121,0
122,0
123,0
124,0
125,0
126,0
127,0
128,0
129,0
130,0
131,21.88
132,61.81
133,73.71
134,129.8
135,322.12
136,484.68
137,587.09
138,632.7
139,590.49
140,411.96
141,218.99
142,0
143,0
144,0
145,0
146,0
147,0
148,0
149,0
150,0
151,0
152,0
153,0
154,0
155,20.7
156,81.73
157,143.48
158,128.27
159,328.75
160,206.66
161,347.34
162,541.35
163,401.62
164,481.25
165,136.09
166,0
167,0
168,0
169,0
170,0
171,0
172,0
173,0
174,0
175,0
176,0
177,0
178,0
179,8.18
180,87.35
181,110.56
182,185.82
183,188.38
184,349.09
185,266.06
186,211.25
187,184.72
188,67.14
189,61.89
190,0
191,0
192,0
193,0
194,0
195,0
196,0
197,0
198,0
199,0
200,0
201,0
202,0
203,14.47
204,54.09
205,126.63
206,151.38
207,294.01
208,439.11
209,545.62
210,544.73
211,501.41
212,223.62
213,126.29
214,0
215,0
216,0
217,0
218,0
219,0
220,0
221,0
222,0
223,0
224,0
225,0
226,0
227,8.19
228,76.44
229,150
230,221.27
231,281.74
232,131.94
233,172.18
234,193.59
235,175.71
236,193.42
237,43.14
238,0
239,0
240,0
241,0
242,0
243,0
244,0
245,0
246,0
247,0
248,0
249,0
250,0
251,10.69
252,71.88
253,95.33
254,161.49
255,92.27
256,306.12
257,263.56
258,71.96
259,48.49
260,55.42
261,89.73
262,0
263,0
264,0
265,0
266,0
267,0
268,0
269,0
270,0
271,0
272,0
273,0
274,0
275,7.65
276,68.03
277,108.47
278,127.83
279,192.66
280,101.96
281,251.01
282,133.57
283,136.07
284,58.32
285,56.79
286,0
287,0
288,0
289,0
290,0
291,0
292,0
293,0
294,0
295,0
296,0
297,0
298,0
299,17.81
300,80.17
301,112.82
302,221.76
303,225.7
304,210.59
305,262.45
306,401.24
307,537.7
308,507.43
309,200.75
310,0
311,0
312,0
313,0
314,0
315,0
316,0
317,0
318,0
319,0
320,0
321,0
322,0
323,16.61
324,55.72
325,79.16
326,127.9
327,311.72
328,470.83
329,574.1
330,615.93
331,589.16
332,494.16
333,225.89
334,0
335,0
336,0
337,0
338,0
339,0
340,0
341,0
342,0
343,0
344,0
345,0
346,0
347,16.09
348,58.4
349,83.99
350,127.13
351,310.52
352,466.82
353,571.48
354,600.92
355,584.34
356,469.78
357,217.37
358,0
359,0
360,0
361,0
362,0
363,0
364,0
365,0
366,0
367,0
368,0
369,0
370,0
371,15.02
372,73.74
373,94.85
374,135.93
375,312.33
376,459.46
377,560
378,594.42
379,505.91
380,430.58
381,84.64
382,0
383,0
384,0
385,0
386,0
387,0
388,0
389,0
390,0
391,0
392,0
393,0
394,0
395,9.68
396,66.03
397,94.94
398,206.68
399,288.94
400,396.93
401,436.07
402,346.65
403,144.01
404,183.3
405,36.72
406,0
407,0
408,0
409,0
410,0
411,0
412,0
413,0
414,0
415,0
416,0
417,0
418,0
419,3.09
420,64.71
421,131.46
422,163.67
423,278.44
424,244.45
425,370.4
426,273.41
427,231
428,366.96
429,35.7
430,0
431,0
432,0
433,0
434,0
435,0
436,0
437,0
438,0
439,0
440,0
441,0
442,0
443,5.31
444,62.85
445,144.12
446,213.18
447,291.8
448,142.4
449,262.13
450,130.82
451,57.43
452,48.53
453,9.85
454,0
455,0
456,0
457,0
458,0
459,0
460,0
461,0
462,0
463,0
464,0
465,0
466,0
467,5.76
468,38.55
469,142.32
470,70.46
471,38.53
472,70.24
473,77.39
474,45.37
475,37.96
476,28.63
477,54.54
478,0
479,0
480,0
481,0
482,0
483,0
484,0
485,0
486,0
487,0
488,0
489,0
490,0
491,12.92
492,6.3
493,45.71
494,112.29
495,87.09
496,143.5
497,142.96
498,109.32
499,63.72
500,65.98
501,105.46
502,0
503,0
504,0
505,0
506,0
507,0
508,0
509,0
510,0
511,0
512,0
513,0
514,0
515,6.77
516,77.38
517,142.71
518,213.41
519,309.55
520,437.01
521,501.9
522,309.55
523,566.14
524,429.91
525,176.51
526,0
527,0
528,0
529,0
530,0
531,0
532,0
533,0
534,0
535,0
536,0
537,0
538,0
539,8.77
540,73.48
541,139.83
542,191.08
543,309.68
544,352.75
545,468.21
546,326.31
547,525.96
548,387.93
549,140.97
550,0
551,0
552,0
553,0
554,0
555,0
556,0
557,0
558,0
559,0
560,0
561,0
562,0
563,8.76
564,70.58
565,86.77
566,204.82
567,282.15
568,413.79
569,463.51
570,523.16
571,480.4
572,327.74
573,111.02
574,0
575,0
576,0
577,0
578,0
579,0
580,0
581,0
582,0
583,0
584,0
585,0
586,0
587,11.34
588,54.99
589,85.75
590,114.27
591,294.12
592,443.32
593,519.37
594,562.65
595,541.77
596,416.63
597,189.85
598,0
599,0
600,0
601,0
602,0
603,0
604,0
605,0
606,0
607,0
608,0
609,0
610,0
611,9.31
612,60.86
613,96.8
614,115.18
615,293.43
616,432.95
617,542.2
618,574.63
619,437.89
620,150.75
621,105.75
622,0
623,0
624,0
625,0
626,0
627,0
628,0
629,0
630,0
631,0
632,0
633,0
634,0
635,5.85
636,69.36
637,135.96
638,156.21
639,297.7
640,439.83
641,497.68
642,573.26
643,495.45
644,433.08
645,184.29
646,0
647,0
648,0
649,0
650,0
651,0
652,0
653,0
654,0
655,0
656,0
657,0
658,0
659,7.8
660,57.79
661,83.42
662,115.2
663,286.55
664,443.13
665,544.63
666,581.05
667,551.61
668,406.34
669,178.25
670,0
671,0
672,0
673,0
674,0
675,0
676,0
677,0
678,0
679,0
680,0
681,0
682,0
683,7.38
684,60.71
685,92.17
686,119.43
687,286.44
688,437.94
689,540.16
690,584
691,577.82
692,442.53
693,143.92
694,0
695,0
696,0
697,0
698,0
699,0
700,0
701,0
702,0
703,0
704,0
705,0
706,0
707,6.4
708,58.08
709,88.84
710,106.86
711,282.11
712,432.5
713,533.01
714,573.82
715,547.28
716,417.42
717,167.68
718,0
719,0
720,0
721,0
722,0
723,0
724,0
725,0
726,0
727,0
728,0
729,0
730,0
731,5.9
732,54.75
733,82.72
734,110.9
735,281.24
736,430.69
737,528.87
738,577.34
739,550.61
740,418.31
741,166.95
742,0
743,0
744,0
745,0
746,0
747,0
748,0
749,0
750,0
751,0
752,0
753,0
754,0
755,5.9
756,57.37
757,88.16
758,104.4
759,278.04
760,428.92
761,526.1
762,560.75
763,543.91
764,412.33
765,161.19
766,0
767,0
768,0
769,0
770,0
771,0
772,0
773,0
774,0
775,0
776,0
777,0
778,0
779,4.98
780,54.31
781,83.8
782,110.87
783,272.36
784,422.18
785,517.89
786,553.8
787,534.34
788,429.79
789,130.95
790,0
791,0
792,0
793,0
794,0
795,0
796,0
797,0
798,0
799,0
800,0
801,0
802,0
803,5.42
804,54.19
805,73.9
806,104.61
807,273.97
808,428.83
809,513.83
810,576.07
811,530.37
812,370.06
813,80.4
814,0
815,0
816,0
817,0
818,0
819,0
820,0
821,0
822,0
823,0
824,0
825,0
826,0
827,3.99
828,53.75
829,78.9
830,102.53
831,268.63
832,423.95
833,524.1
834,561.49
835,533.77
836,386.19
837,1.53
838,0
839,0
840,0
841,0
842,0
843,0
844,0
845,0
846,0
847,0
848,0
849,0
850,0
851,3.11
852,64.51
853,96.47
854,111.68
855,270.67
856,422.99
857,520.87
858,563.48
859,533.63
860,401.27
861,59.26
862,0
863,0
864,0
865,0
866,0
867,0
868,0
869,0
870,0
871,0
872,0
873,0
874,0
875,3.55
876,55.58
877,91.56
878,186.93
879,280.41
880,418.52
881,525.33
882,570.84
883,533.71
884,401.2
885,149.85
886,0
887,0
888,0
889,0
890,0
891,0
892,0
893,0
894,0
895,0
896,0
897,0
898,0
899,2.35
900,62.35
901,96.39
902,106.07
903,264.95
904,414.61
905,509.91
906,550.54
907,509.09
908,337.84
909,45.61
910,0
911,0
912,0
913,0
914,0
915,0
916,0
917,0
918,0
919,0
920,0
921,0
922,0
923,1.98
924,56.05
925,89.35
926,101.63
927,267.37
928,418.97
929,516.22
930,561.37
931,531.41
932,419.94
933,124.85
934,0
935,0
936,0
937,0
938,0
939,0
940,0
941,0
942,0
943,0
944,0
945,0
946,0
947,1.24
948,54.86
949,93.44
950,110.27
951,265.44
952,416.89
953,514.62
954,564.53
955,541.79
956,423.54
957,152.31
958,0
959,0
960,0
961,0
962,0
963,0
964,0
965,0
966,0
967,0
968,0
969,0
970,0
971,1.63
972,55.9
973,90.57
974,105.21
975,265.13
976,417.72
977,521.07
978,556.87
979,526.98
980,420.14
981,150.23
982,0
983,0
984,0
985,0
986,0
987,0
988,0
989,0
990,0
991,0
992,0
993,0
994,0
995,1.62
996,42.77
997,74.76
998,76.53
999,254.85
1000,432.67
1001,547.19
1002,590.83
1003,571.94
1004,444.1
1005,181.55
1006,0
1007,0
1008,0
1009,0
1010,0
1011,0
1012,0
1013,0
1014,0
1015,0
1016,0
1017,0
1018,0
1019,0.9
1020,44.85
1021,66
1022,78.64
1023,258.58
1024,429.58
1025,542.36
1026,588.11
1027,563.07
1028,438.3
1029,168
1030,0
1031,0
1032,0
1033,0
1034,0
1035,0
1036,0
1037,0
1038,0
1039,0
1040,0
1041,0
1042,0
1043,0.91
1044,44.5
1045,64.5
1046,67.18
1047,260.67
1048,429.53
1049,537.56
1050,584.58
1051,558.76
1052,440.49
1053,175.2
1054,0
1055,0
1056,0
1057,0
1058,0
1059,0
1060,0
1061,0
1062,0
1063,0
1064,0
1065,0
1066,0
1067,0
1068,43.88
1069,64.33
1070,77.73
1071,263.65
1072,419.09
1073,530.3
1074,576.01
1075,536.96
1076,442.8
1077,178.75
1078,0
1079,0
1080,0
1081,0
1082,0
1083,0
1084,0
1085,0
1086,0
1087,0
1088,0
1089,0
1090,0
1091,0
1092,54.73
1093,81.97
1094,94.55
1095,257.92
1096,416.02
1097,524.84
1098,570.92
1099,553.76
1100,436.13
1101,215.46
1102,0
1103,0
1104,0
1105,0
1106,0
1107,0
1108,0
1109,0
1110,0
1111,0
1112,0
1113,0
1114,0
1115,0
1116,42.8
1117,75.57
1118,87.04
1119,252.33
1120,414.98
1121,519.88
1122,573.11
1123,548.21
1124,446.95
1125,181.58
1126,0
1127,0
1128,0
1129,0
1130,0
1131,0
1132,0
1133,0
1134,0
1135,0
1136,0
1137,0
1138,0
1139,0
1140,49.74
1141,74.15
1142,86.6
1143,245.97
1144,414.14
1145,521.15
1146,578.33
1147,550.06
1148,447.81
1149,214.23
1150,0
1151,0
1152,0
1153,0
1154,0
1155,0
1156,0
1157,0
1158,0
1159,0
1160,0
1161,0
1162,0
1163,0
1164,53.35
1165,84.87
1166,89.3
1167,247.81
1168,387.43
1169,511.93
1170,562.78
1171,539.28
1172,426.98
1173,185.72
1174,0
1175,0
1176,0
1177,0
1178,0
1179,0
1180,0
1181,0
1182,0
1183,0
1184,0
1185,0
1186,0
1187,0
1188,49.39
1189,84.21
1190,79.64
1191,247.16
1192,412.61
1193,512.45
1194,567.15
1195,539.71
1196,431.86
1197,186.24
1198,0
1199,0
1200,0
1201,0
1202,0
1203,0
1204,0
1205,0
1206,0
1207,0
1208,0
1209,0
1210,0
1211,0
1212,48.88
1213,90.17
1214,103.97
1215,247.99
1216,394
1217,504.97
1218,547.44
1219,526.55
1220,421.9
1221,187.93
1222,0
1223,0
1224,0
1225,0
1226,0
1227,0
1228,0
1229,0
1230,0
1231,0
1232,0
1233,0
1234,0
1235,0
1236,64.59
1237,123.04
1238,192.98
1239,232.35
1240,398.35
1241,501.49
1242,549.69
1243,532.15
1244,435.41
1245,183.31
1246,0
1247,0
1248,0
1249,0
1250,0
1251,0
1252,0
1253,0
1254,0
1255,0
1256,0
1257,0
1258,0
1259,0
1260,44.9
1261,77.63
1262,73.69
1263,243.38
1264,404.82
1265,514.7
1266,568.33
1267,532.5
1268,431.85
1269,194.29
1270,0
1271,0
1272,0
1273,0
1274,0
1275,0
1276,0
1277,0
1278,0
1279,0
1280,0
1281,0
1282,0
1283,0
1284,49.07
1285,96.57
1286,93.86
1287,247.31
1288,405.18
1289,531.57
1290,571.51
1291,550.72
1292,449.79
1293,195.59
1294,0
1295,0
1296,0
1297,0
1298,0
1299,0
1300,0
1301,0
1302,0
1303,0
1304,0
1305,0
1306,0
1307,0
1308,46.43
1309,73.96
1310,83.5
1311,242.26
1312,406.93
1313,524.91
1314,566.46
1315,546.7
1316,444.25
1317,207.83
1318,0
1319,0
1320,0
1321,0
1322,0
1323,0
1324,0
1325,0
1326,0
1327,0
1328,0
1329,0
1330,0
1331,0
1332,52.98
1333,81.34
1334,87.36
1335,245.5
1336,401.58
1337,507.21
1338,569.86
1339,536.91
1340,426.65
1341,172.65
1342,0
1343,0
1344,0
1345,0
1346,0
1347,0
1348,0
1349,0
1350,0
1351,0
1352,0
1353,0
1354,0
1355,0
1356,48.97
1357,97.35
1358,104.65
1359,252.51
1360,396.32
1361,506.65
1362,562.72
1363,539.34
1364,440.46
1365,207.93
1366,0
1367,0
1368,0
1369,0
1370,0
1371,0
1372,0
1373,0
1374,0
1375,0
1376,0
1377,0
1378,0
1379,0
1380,47.98
1381,86.56
1382,82.28
1383,233.99
1384,397.73
1385,504.07
1386,554.08
1387,511.6
1388,472.75
1389,206.93
1390,0
1391,0
1392,0
1393,0
1394,0
1395,0
1396,0
1397,0
1398,0
1399,0
1400,0
1401,0
1402,0
1403,0
1404,38.37
1405,79.01
1406,78.19
1407,225.58
1408,393.17
1409,509.37
1410,497.99
1411,525.61
1412,430.93
1413,216.97
1414,0
1415,0
1416,0
1417,0
1418,0
1419,0
1420,0
1421,0
1422,0
1423,0
1424,0
1425,0
1426,0
1427,0
1428,44.7
1429,84.9
1430,89.97
1431,232.98
1432,395.18
1433,497.3
1434,481.14
1435,527.01
1436,442.64
1437,217.36
1438,0
1439,0
1440,0
1441,0
1442,0
1443,0
1444,0
1445,0
1446,0
1447,0
1448,0
1449,0
1450,0
1451,0
1452,45.33
1453,84.43
1454,86.66
1455,231.63
1456,393.73
1457,507.73
1458,560.84
1459,458.83
1460,289.63
1461,95.32
1462,0
1463,0
1464,0
1465,0
1466,0
1467,0
1468,0
1469,0
1470,0
1471,0
1472,0
1473,0
1474,0
1475,0
1476,51.02
1477,84.88
1478,85.51
1479,222.51
1480,385.44
1481,503.09
1482,512.61
1483,543.44
1484,437.67
1485,228.02
1486,0
1487,0
1488,0
1489,0
1490,0
1491,0
1492,0
1493,0
1494,0
1495,0
1496,0
1497,0
1498,0
1499,0
1500,43.98
1501,86.87
1502,85.11
1503,235.42
1504,390.23
1505,504.75
1506,537.82
1507,540.02
1508,447.08
1509,203.93
1510,0
1511,0
1512,0
1513,0
1514,0
1515,0
1516,0
1517,0
1518,0
1519,0
1520,0
1521,0
1522,0
1523,0
1524,43.96
1525,80.72
1526,81.95
1527,226.16
1528,391.07
1529,511.31
1530,458.19
1531,489.4
1532,422.81
1533,202.06
1534,0
1535,0
1536,0
1537,0
1538,0
1539,0
1540,0
1541,0
1542,0
1543,0
1544,0
1545,0
1546,0
1547,0
1548,40.94
1549,81.27
1550,79.25
1551,224.44
1552,392.72
1553,510.55
1554,570.96
1555,552.51
1556,445.87
1557,249.35
1558,0
1559,0
1560,0
1561,0
1562,0
1563,0
1564,0
1565,0
1566,0
1567,0
1568,0
1569,0
1570,0
1571,0
1572,43.87
1573,87.72
1574,87.01
1575,225.6
1576,389.94
1577,503.36
1578,559.03
1579,542.8
1580,434.46
1581,214.37
1582,0
1583,0
1584,0
1585,0
1586,0
1587,0
1588,0
1589,0
1590,0
1591,0
1592,0
1593,0
1594,0
1595,0
1596,44.08
1597,84
1598,86.94
1599,228.89
1600,390.77
1601,500.94
1602,555.22
1603,539.45
1604,443.32
1605,220.56
1606,0
1607,0
1608,0
1609,0
1610,0
1611,0
1612,0
1613,0
1614,0
1615,0
1616,0
1617,0
1618,0
1619,0
1620,51.12
1621,93.44
1622,85.96
1623,225.07
1624,383.06
1625,490.84
1626,545.29
1627,533.49
1628,434.22
1629,222.44
1630,0
1631,0
1632,0
1633,0
1634,0
1635,0
1636,0
1637,0
1638,0
1639,0
1640,0
1641,0
1642,0
1643,0
1644,72.25
1645,90.73
1646,218.13
1647,131.32
1648,384.77
1649,495.1
1650,524.01
1651,489.62
1652,428.28
1653,238.93
1654,0
1655,0
1656,0
1657,0
1658,0
1659,0
1660,0
1661,0
1662,0
1663,0
1664,0
1665,0
1666,0
1667,0
1668,45.51
1669,102.08
1670,106.3
1671,229.7
1672,480.16
1673,498.05
1674,554.84
1675,537.22
1676,432.85
1677,246.57
1678,0
1679,0
1680,0
1681,0
1682,0
1683,0
1684,0
1685,0
1686,0
1687,0
1688,0
1689,0
1690,0
1691,0
1692,49.06
1693,93.5
1694,94.44
1695,228.74
1696,389.69
1697,504.73
1698,557.96
1699,550.79
1700,448.33
1701,222.69
1702,0
1703,0
1704,0
1705,0
1706,0
1707,0
1708,0
1709,0
1710,0
1711,0
1712,0
1713,0
1714,0
1715,0
1716,43.45
1717,87.43
1718,94.76
1719,226.97
1720,380.69
1721,498.71
1722,557.54
1723,539.5
1724,440.17
1725,218.34
1726,0
1727,0
1728,0
1729,0
1730,0
1731,0
1732,0
1733,0
1734,0
1735,0
1736,0
1737,0
1738,0
1739,0
1740,38.19
1741,69.99
1742,57.6
1743,207.68
1744,387.89
1745,508.74
1746,566.89
1747,559.74
1748,472.07
1749,234.05
1750,0
