Hour,PV_Predicted
0,-0.8406756
1,-2.6972692
2,-3.385133
3,-3.0701969
4,-2.8921475
5,-3.1329799
6,-2.6684496
7,-0.5356159
8,3.758824
9,-2.6842217
10,62.899113
11,72.76202
12,34.445263
13,211.60287
14,236.87439
15,303.68973
16,389.66174
17,440.46222
18,505.1998
19,487.29117
20,382.3992
21,301.77017
22,54.8071
23,6.48092
24,-3.342855
25,-2.952112
26,-2.6302586
27,-3.4575226
28,-3.4627602
29,-3.3517687
30,-3.2733545
31,-3.2020926
32,-3.3954325
33,-3.3168893
34,3.7331285
35,37.127464
36,85.43331
37,102.94315
38,173.09769
39,302.99066
40,394.1721
41,441.94788
42,511.61008
43,521.8328
44,447.87488
45,351.425
46,55.17335
47,4.6090827
48,-3.4274933
49,-2.9137328
50,-2.7515025
51,-3.5123196
52,-3.456489
53,-3.335386
54,-3.286308
55,-3.2749283
56,-3.4199655
57,-3.2840416
58,6.9877634
59,45.33067
60,87.69964
61,103.111824
62,171.826
63,301.52655
64,378.4762
65,456.57422
66,546.82263
67,583.16907
68,517.15314
69,387.6119
70,55.554993
71,3.3458614
72,-3.1288342
73,-2.0992463
74,-2.5432127
75,-3.35225
76,-3.408527
77,-3.2847462
78,-3.226144
79,-3.249491
80,-3.3310056
81,-3.1025512
82,9.235887
83,40.876762
84,86.834984
85,101.34644
86,176.9916
87,293.77277
88,365.08374
89,442.8064
90,532.5403
91,562.4629
92,494.19424
93,374.60217
94,54.822124
95,2.2693214
96,-3.354
97,-3.0354466
98,-2.6538873
99,-3.3785565
100,-3.4995422
101,-3.339919
102,-3.156538
103,-3.1786401
104,-3.385039
105,-2.7456071
106,6.7352576
107,50.61897
108,101.664986
109,117.68605
110,209.26402
111,308.45673
112,371.9617
113,436.86795
114,520.1026
115,551.28143
116,491.22296
117,339.83902
118,56.827126
119,2.2273955
120,-3.2811525
121,-3.038641
122,-2.6785495
123,-3.3948452
124,-3.4697714
125,-3.3491967
126,-3.2342944
127,-3.2131555
128,-3.388445
129,-3.1701024
130,6.719415
131,46.23072
132,94.759285
133,106.1097
134,180.54697
135,296.76462
136,361.26038
137,423.36606
138,513.57733
139,546.96094
140,490.94382
141,401.4691
142,57.829533
143,4.3327956
144,-3.1165736
145,-2.6487434
146,-2.1761923
147,-3.4337294
148,-3.432461
149,-3.2364082
150,-3.1512299
151,-3.1609302
152,-3.3624792
153,-2.9900682
154,12.334123
155,59.65957
156,93.80684
157,98.05382
158,145.18164
159,259.48508
160,381.12204
161,424.50574
162,473.3639
163,434.10168
164,382.0286
165,303.60858
166,57.40231
167,28.874195
168,-2.5711632
169,-3.5818787
170,-3.3134718
171,-3.3348458
172,-3.4922729
173,-3.3825965
174,-3.0967498
175,-3.108153
176,-3.0571728
177,-2.4930544
178,5.805798
179,29.317421
180,84.64938
181,93.06088
182,224.05864
183,326.00726
184,414.3314
185,428.93405
186,471.906
187,445.1768
188,381.49973
189,231.47083
190,242.38045
191,32.78828
192,-2.7432582
193,-2.5838583
194,-3.0706196
195,-3.1917815
196,-3.0353644
197,-3.091148
198,-3.0655227
199,-2.916105
200,-0.8014979
201,0.49886927
202,57.50872
203,59.59189
204,61.568047
205,193.52238
206,227.82867
207,257.39105
208,310.70517
209,345.53577
210,416.91617
211,410.0945
212,363.6092
213,329.2424
214,102.93914
215,29.895985
216,-2.4156973
217,-2.750011
218,-2.0455883
219,-3.384264
220,-3.3593552
221,-3.043186
222,-3.067719
223,-3.1389925
224,-3.0594041
225,-2.3852572
226,31.174532
227,79.17616
228,91.72238
229,130.80135
230,199.62747
231,280.40738
232,343.3433
233,375.055
234,443.33807
235,420.6548
236,358.87234
237,241.6702
238,63.27287
239,32.085434
240,-2.117508
241,-3.0909717
242,-3.076433
243,-3.0643601
244,-2.9661107
245,-2.884643
246,-2.9484477
247,-3.0430214
248,-3.018136
249,7.0060368
250,24.109682
251,33.907738
252,64.0597
253,158.52733
254,254.43298
255,301.2842
256,344.8607
257,351.11557
258,405.81583
259,407.46167
260,364.10645
261,192.08534
262,307.226
263,59.845333
264,-2.783681
265,-2.5846334
266,-3.1877182
267,-3.1634552
268,-2.9591818
269,-3.1012125
270,-1.7559015
271,-0.2761344
272,0.99151427
273,-1.1849716
274,69.73895
275,75.09783
276,44.150135
277,205.86913
278,231.42549
279,286.61703
280,321.43332
281,325.65497
282,389.4668
283,417.3058
284,399.32858
285,310.33713
286,102.11698
287,87.96855
288,-1.9072803
289,-3.0308666
290,-2.7726417
291,-3.0926864
292,-2.9797804
293,-3.088259
294,-2.7376447
295,-2.9742844
296,-0.09404518
297,2.7344856
298,32.84416
299,68.9976
300,62.881104
301,263.50375
302,294.50153
303,322.78265
304,365.39005
305,424.53525
306,514.07697
307,528.1178
308,439.584
309,296.8847
310,123.05622
311,30.488588
312,-1.7501234
313,-3.3149045
314,-3.5383089
315,-3.3306649
316,-3.3425028
317,-3.325486
318,-3.266637
319,-2.8905034
320,-2.9874845
321,-2.9996982
322,2.7126303
323,11.752254
324,66.8646
325,100.75738
326,198.1196
327,278.37103
328,369.6019
329,408.99457
330,468.29523
331,480.07986
332,418.14835
333,344.03967
334,85.22935
335,18.276554
336,-2.4613812
337,-2.530999
338,-2.2665615
339,-3.3290913
340,-3.4267066
341,-3.289937
342,-3.1575832
343,-3.1424453
344,-3.3048987
345,-3.0263803
346,7.5667496
347,47.454777
348,90.04375
349,99.381065
350,169.2779
351,265.1503
352,366.35138
353,393.1045
354,436.7518
355,427.41354
356,385.03662
357,325.50226
358,82.3573
359,15.596766
360,-2.6287787
361,-2.5668414
362,-2.1335618
363,-3.336032
364,-3.4061546
365,-3.247471
366,-3.1464264
367,-3.1227977
368,-3.2932723
369,-2.9772322
370,9.876329
371,53.23119
372,91.903244
373,103.58352
374,181.35715
375,273.67453
376,359.54507
377,419.08023
378,481.02548
379,461.19745
380,387.3335
381,307.3905
382,80.566055
383,14.038344
384,-3.2124274
385,-2.682566
386,-2.6036937
387,-3.3378992
388,-3.4036531
389,-3.234459
390,-3.0500326
391,-3.2040656
392,-3.3083632
393,-1.9980842
394,21.347704
395,59.72551
396,90.343735
397,104.75352
398,219.70773
399,314.00885
400,392.97372
401,417.49164
402,464.92017
403,443.2002
404,351.38913
405,259.68143
406,100.45653
407,28.457273
408,-1.8982376
409,-1.111584
410,-3.217536
411,-3.2834778
412,-3.0562217
413,-3.0744364
414,-3.1166909
415,-2.8768334
416,-2.881942
417,3.333683
418,55.844673
419,72.66061
420,85.81731
421,196.4516
422,299.28732
423,356.1841
424,401.25592
425,407.1067
426,459.90356
427,443.53198
428,377.9584
429,301.18176
430,101.37671
431,74.052635
432,-0.84607774
433,-3.0016007
434,-3.0587583
435,-3.218534
436,-3.2495263
437,-3.1560447
438,-3.120402
439,-3.13379
440,-3.0580418
441,1.1886944
442,16.265717
443,44.878006
444,61.835598
445,101.68977
446,224.73846
447,305.6008
448,311.49127
449,386.72238
450,465.43182
451,438.11334
452,320.44037
453,231.16373
454,58.093285
455,32.094913
456,-1.7256609
457,-3.1668375
458,-3.2522626
459,-3.0375724
460,-3.20066
461,-3.084137
462,-2.7841742
463,-1.1921471
464,1.3654871
465,38.88821
466,52.114338
467,78.2188
468,212.03622
469,326.46756
470,341.54346
471,346.92938
472,340.91516
473,332.88895
474,347.80734
475,350.573
476,309.42923
477,159.44435
478,75.85613
479,58.118217
480,-0.06695199
481,-3.5137522
482,-2.6241517
483,-2.0594814
484,-2.6713738
485,-2.0188358
486,1.520906
487,6.40314
488,8.93697
489,3.6104987
490,60.082027
491,83.27427
492,68.51379
493,312.8348
494,302.09045
495,322.07498
496,339.90936
497,345.50427
498,344.96954
499,381.47678
500,404.7757
501,387.6387
502,270.6959
503,62.279697
504,50.17829
505,-1.0323596
506,-3.0946124
507,-2.9673085
508,-3.2038074
509,-3.318099
510,-3.0129454
511,-2.0778253
512,-1.6212224
513,-2.8482487
514,37.200256
515,47.384613
516,41.62555
517,246.92082
518,264.07278
519,299.73578
520,321.199
521,297.66824
522,356.96402
523,337.6906
524,326.19846
525,181.10582
526,75.16145
527,6.903372
528,-3.123338
529,-3.350618
530,-3.5410686
531,-3.6203752
532,-3.5255315
533,-3.4277751
534,-3.5225604
535,-3.2004955
536,-3.3800597
537,-3.0071204
538,4.0286875
539,42.45424
540,60.71672
541,115.12311
542,208.7595
543,284.11862
544,333.90967
545,345.1734
546,421.9838
547,440.18005
548,367.12686
549,219.72049
550,77.83751
551,33.23056
552,-2.4073944
553,-3.17938
554,-3.2660735
555,-3.4753497
556,-3.4977572
557,-3.3307824
558,-3.381657
559,-3.0906782
560,-3.2736835
561,-2.699794
562,6.1599355
563,51.042877
564,66.56636
565,120.04296
566,226.3425
567,299.84488
568,360.2445
569,390.42715
570,465.1716
571,481.6846
572,425.5845
573,242.78374
574,86.30375
575,21.770401
576,-2.9055357
577,-2.4363196
578,-2.974754
579,-3.3415868
580,-3.3767478
581,-3.290947
582,-3.1023164
583,-3.1595092
584,-3.2420924
585,-2.3554747
586,19.381422
587,56.50347
588,87.488846
589,111.0792
590,211.59967
591,298.4433
592,384.8117
593,422.18036
594,492.15778
595,517.3875
596,463.58868
597,363.1883
598,75.98513
599,11.133972
600,-2.653805
601,-2.6988194
602,-2.174924
603,-3.3378756
604,-3.417934
605,-3.2797904
606,-3.1683877
607,-3.1598616
608,-3.3126264
609,-2.9059114
610,11.859909
611,53.436214
612,88.27185
613,97.39794
614,139.4751
615,234.738
616,325.02963
617,404.8954
618,501.42926
619,524.388
620,481.21396
621,357.47644
622,68.34259
623,6.2548265
624,-3.3317688
625,-2.904784
626,-1.9682312
627,-3.5414915
628,-3.3951154
629,-3.0055232
630,-3.0580888
631,-3.253625
632,-2.892312
633,-2.2867377
634,38.03688
635,86.53978
636,96.14545
637,128.46498
638,206.11029
639,274.14197
640,356.793
641,399.68787
642,487.73462
643,500.04892
644,455.15103
645,282.09204
646,72.11563
647,8.657136
648,-3.3704062
649,-3.1594388
650,-2.9231749
651,-3.3749158
652,-3.4666007
653,-3.366883
654,-3.1740952
655,-3.2375827
656,-3.3090796
657,-2.8628113
658,17.235083
659,48.897278
660,90.23153
661,97.053925
662,170.11218
663,282.73096
664,400.65353
665,449.6923
666,518.66223
667,532.86127
668,498.73013
669,368.29575
670,62.215046
671,2.1577191
672,-3.2683048
673,-3.010714
674,-2.0608437
675,-3.3559377
676,-3.445309
677,-3.2567017
678,-3.1445827
679,-3.160167
680,-3.343501
681,-2.8679552
682,6.61271
683,48.87356
684,86.52779
685,99.79749
686,167.48471
687,289.95508
688,408.41296
689,479.47586
690,561.8082
691,594.8091
692,559.2911
693,336.42184
694,50.636375
695,-0.39714357
696,-3.6655304
697,-3.2725325
698,-2.5115511
699,-3.3466132
700,-3.5162187
701,-3.3194141
702,-3.1460743
703,-3.1554458
704,-3.3519566
705,-2.7063825
706,5.378778
707,48.411377
708,92.99889
709,105.294205
710,192.61742
711,300.07962
712,408.7775
713,485.59274
714,565.2682
715,577.89716
716,541.2589
717,377.7353
718,51.701923
719,-1.3840895
720,-3.391193
721,-3.1400614
722,-2.1252472
723,-3.3433952
724,-3.4538937
725,-3.2687275
726,-3.1409068
727,-3.1604018
728,-3.3370535
729,-2.8520303
730,5.9764957
731,46.594307
732,86.969505
733,102.222176
734,200.464
735,327.71967
736,459.11
737,520.41595
738,589.6121
739,600.50464
740,568.96796
741,390.56693
742,53.733578
743,-0.033258732
744,-3.2782636
745,-3.1406486
746,-2.2889924
747,-3.338322
748,-3.469607
749,-3.2967014
750,-3.1540484
751,-3.175199
752,-3.3524146
753,-2.8249607
754,6.9056263
755,49.7175
756,92.60903
757,107.38559
758,204.62102
759,322.86868
760,415.4183
761,471.5329
762,550.4749
763,579.1587
764,565.61194
765,411.15875
766,62.14914
767,0.332235
768,-3.2710645
769,-2.9897277
770,-1.78862
771,-3.2988036
772,-3.4281628
773,-3.243901
774,-3.1234555
775,-3.1324747
776,-3.3009646
777,-2.7716787
778,8.093358
779,50.747665
780,87.340355
781,101.94632
782,193.73312
783,316.48914
784,457.14835
785,513.2342
786,570.64404
787,561.68787
788,523.70575
789,341.36566
790,49.084076
791,-1.4266846
792,-3.310395
793,-3.083174
794,-2.2201614
795,-3.268704
796,-3.453929
797,-3.2895846
798,-3.126274
799,-3.1645825
800,-3.3274705
801,-2.6899645
802,5.0061793
803,38.635292
804,85.029144
805,102.13216
806,197.53696
807,309.3949
808,407.5169
809,469.46085
810,546.01654
811,568.27045
812,537.5635
813,394.02652
814,64.31805
815,3.2788742
816,-3.144759
817,-3.040062
818,-2.158459
819,-3.309162
820,-3.4610927
821,-3.2532609
822,-3.0544717
823,-3.1778061
824,-3.3407764
825,-2.12668
826,8.603866
827,57.298344
828,91.864876
829,131.19044
830,270.64102
831,387.7942
832,478.85876
833,450.62634
834,463.68176
835,404.85846
836,367.83044
837,301.84665
838,85.78066
839,10.489231
840,-2.747815
841,-2.8357532
842,-1.5605533
843,-3.2340949
844,-3.459237
845,-3.2112293
846,-2.9686356
847,-3.1299968
848,-3.3114753
849,1.0037514
850,13.246853
851,63.496914
852,101.87454
853,176.67285
854,310.0026
855,385.14175
856,386.2067
857,386.3643
858,445.07825
859,467.71808
860,460.0486
861,379.21518
862,118.39739
863,28.080553
864,-2.7010977
865,-2.7567873
866,-1.5675997
867,-3.2371953
868,-3.4313335
869,-3.2266374
870,-3.0209546
871,-3.1345887
872,-3.2906768
873,-1.5965601
874,13.272343
875,58.30296
876,93.88636
877,148.09358
878,270.0162
879,335.95438
880,397.99176
881,431.66425
882,501.14
883,527.2137
884,464.707
885,305.0607
886,94.560394
887,30.9567
888,-2.6945446
889,-2.9586532
890,-2.8295643
891,-3.3155153
892,-3.4513218
893,-3.3147285
894,-3.126321
895,-3.1617641
896,-3.319837
897,-2.7225304
898,10.538908
899,54.441868
900,88.50888
901,97.76732
902,164.79123
903,267.55045
904,386.72617
905,462.94653
906,543.45667
907,535.4117
908,494.0768
909,360.89026
910,79.1985
911,5.589769
912,-3.1279652
913,-2.9713016
914,-1.5755503
915,-3.3015869
916,-3.4416447
917,-3.1980762
918,-3.0285647
919,-3.1758568
920,-3.3338828
921,-1.6164074
922,6.2542624
923,53.282883
924,88.4549
925,109.79752
926,239.25119
927,338.77417
928,417.4454
929,458.0328
930,531.76733
931,543.1208
932,524.7066
933,326.14252
934,55.041466
935,-1.2442665
936,-3.8308847
937,-3.36922
938,-2.4380343
939,-3.3378522
940,-3.5050852
941,-3.3007884
942,-3.129351
943,-3.1863322
944,-3.3356912
945,-2.6339462
946,5.2907457
947,41.868916
948,84.16606
949,99.317566
950,169.92317
951,266.8352
952,359.4467
953,431.1949
954,514.79596
955,517.9042
956,498.35245
957,284.29468
958,45.827347
959,-2.422908
960,-3.9105554
961,-3.4636292
962,-2.6197243
963,-3.3856733
964,-3.5560656
965,-3.377805
966,-3.211018
967,-3.2527323
968,-3.4648037
969,-3.043221
970,0.8993011
971,21.564026
972,79.80446
973,97.89869
974,155.04822
975,229.15504
976,395.40662
977,447.35168
978,534.44214
979,550.49066
980,492.80002
981,247.55049
982,34.503788
983,-3.9026165
984,-4.368356
985,-3.5305462
986,-2.6529477
987,-3.4159257
988,-3.5330358
989,-3.3283865
990,-3.1844769
991,-3.2325797
992,-3.4070356
993,-2.902353
994,2.7793121
995,31.103247
996,81.37742
997,97.76293
998,161.52031
999,253.78847
1000,420.9128
1001,482.29712
1002,565.2101
1003,605.8239
1004,562.19946
1005,365.5816
1006,37.36791
1007,-4.922645
1008,-4.6459117
1009,-3.7153952
1010,-2.466161
1011,-3.436994
1012,-3.601585
1013,-3.3655443
1014,-3.217066
1015,-3.2477295
1016,-3.4820907
1017,-3.1500201
1018,1.2253119
1019,26.595179
1020,84.50855
1021,100.03982
1022,147.16142
1023,215.60355
1024,378.88306
1025,426.63806
1026,505.01358
1027,573.14606
1028,549.4448
1029,334.36285
1030,29.273956
1031,-5.075574
1032,-4.7158465
1033,-3.803686
1034,-2.5560606
1035,-3.4619734
1036,-3.6149495
1037,-3.385415
1038,-3.2328968
1039,-3.2780757
1040,-3.5213153
1041,-3.1829736
1042,0.2488768
1043,21.441244
1044,79.85623
1045,100.05841
1046,144.02817
1047,199.07245
1048,354.25912
1049,409.80838
1050,490.66214
1051,548.84485
1052,550.8988
1053,343.6649
1054,16.982153
1055,-5.8924093
1056,-4.934471
1057,-3.9422405
1058,-2.7209566
1059,-3.5321434
1060,-3.6470222
1061,-3.4131658
1062,-3.2699606
1063,-3.3058617
1064,-3.5390017
1065,-3.2660851
1066,-0.14538953
1067,15.956969
1068,73.28514
1069,96.81178
1070,134.0678
1071,192.92314
1072,365.87784
1073,452.08612
1074,548.8595
1075,590.1053
1076,562.48474
1077,309.74414
1078,13.238855
1079,-5.6443315
1080,-4.867707
1081,-3.894701
1082,-2.7204516
1083,-3.4760778
1084,-3.6040041
1085,-3.4020326
1086,-3.259344
1087,-3.3014696
1088,-3.5088198
1089,-3.2515345
1090,0.083722286
1091,12.993725
1092,71.78223
1093,93.79202
1094,136.07245
1095,221.76567
1096,401.65924
1097,473.79095
1098,567.62915
1099,560.43463
1100,510.83328
1101,259.17667
1102,28.064816
1103,-4.9075656
1104,-4.489389
1105,-3.6982021
1106,-2.670822
1107,-3.4625607
1108,-3.5479858
1109,-3.374223
1110,-3.2436426
1111,-3.2197084
1112,-3.4240289
1113,-3.2092564
1114,2.090086
1115,27.004541
1116,79.34321
1117,91.61636
1118,131.43001
1119,281.9703
1120,441.89465
1121,506.55737
1122,588.30444
1123,602.9861
1124,572.6144
1125,369.115
1126,34.87673
1127,-4.5902452
1128,-4.248169
1129,-3.6376271
1130,-2.4990087
1131,-3.3099487
1132,-3.512202
1133,-3.3386037
1134,-3.16598
1135,-3.1881526
1136,-3.367811
1137,-3.0080833
1138,3.070561
1139,26.376982
1140,81.30951
1141,92.56363
1142,142.04854
1143,284.8707
1144,411.93054
1145,472.53864
1146,563.6835
1147,579.0494
1148,558.65594
1149,360.98373
1150,45.557796
1151,-3.773645
1152,-4.150084
1153,-3.6160653
1154,-2.4545698
1155,-3.346754
1156,-3.500975
1157,-3.3378522
1158,-3.1680353
1159,-3.1597793
1160,-3.3303244
1161,-3.072804
1162,4.5376563
1163,39.320328
1164,82.21388
1165,94.000824
1166,136.96065
1167,257.85944
1168,396.5372
1169,475.76874
1170,566.20325
1171,595.85016
1172,591.64825
1173,417.7204
1174,69.98081
1175,1.4222102
1176,-3.4857666
1177,-3.4141874
1178,-1.8718724
1179,-3.2553864
1180,-3.4718852
1181,-3.2964902
1182,-3.1410477
1183,-3.134624
1184,-3.330113
1185,-2.9682245
1186,3.9870198
1187,38.25486
1188,82.86028
1189,98.36199
1190,160.53166
1191,270.0614
1192,379.6751
1193,444.05896
1194,532.2896
1195,561.34375
1196,562.96564
1197,426.92554
1198,71.255226
1199,-0.51036656
1200,-3.3424792
1201,-3.3232193
1202,-1.8498292
1203,-3.275774
1204,-3.483641
1205,-3.3072827
1206,-3.1522045
1207,-3.1773012
1208,-3.3447106
1209,-2.9505382
1210,5.5785656
1211,40.53191
1212,87.95985
1213,104.50702
1214,210.81053
1215,359.34903
1216,477.79938
1217,476.62622
1218,510.47476
1219,494.3081
1220,461.38187
1221,352.16272
1222,101.446205
1223,20.137411
1224,-2.3220985
1225,-3.0059812
1226,-1.7250972
1227,-3.2094326
1228,-3.4130602
1229,-3.2580757
1230,-3.1153522
1231,-3.113896
1232,-3.2819982
1233,-2.9591818
1234,5.571014
1235,41.683838
1236,77.84215
1237,93.49765
1238,177.06116
1239,302.77664
1240,424.8357
1241,441.94403
1242,489.86676
1243,418.08823
1244,355.97543
1245,252.9393
1246,114.54407
1247,29.885767
1248,-3.182222
1249,-3.1959975
1250,-2.9796865
1251,-3.2150695
1252,-3.4645925
1253,-3.3629136
1254,-3.1458042
1255,-3.1633377
1256,-3.3234189
1257,-2.9714189
1258,4.9106193
1259,41.25103
1260,85.606674
1261,118.11404
1262,226.34306
1263,313.8044
1264,372.05908
1265,370.19345
1266,408.1605
1267,447.4536
1268,472.09457
1269,386.75128
1270,147.79504
1271,26.611414
1272,-0.98171985
1273,-2.8402395
1274,-0.31325686
1275,-3.1570196
1276,-3.4332361
1277,-3.2751398
1278,-3.1258278
1279,-3.144982
1280,-3.3009293
1281,-2.9263692
1282,7.6374598
1283,47.612007
1284,88.88639
1285,104.52232
1286,165.64458
1287,231.86455
1288,313.2648
1289,342.8627
1290,405.53717
1291,442.6374
1292,435.84543
1293,293.96255
1294,71.43287
1295,0.2367336
1296,-4.240559
1297,-3.6054134
1298,-2.5751796
1299,-3.4340582
1300,-3.62236
1301,-3.4104648
1302,-3.258886
1303,-3.26632
1304,-3.4786968
1305,-3.2432432
1306,0.55790585
1307,21.628641
1308,79.24834
1309,99.96872
1310,149.55093
1311,213.08612
1312,364.9293
1313,388.25433
1314,447.54315
1315,508.0729
1316,498.8394
1317,306.51328
1318,37.00923
1319,-4.762317
1320,-4.832769
1321,-3.8939495
1322,-2.8308797
1323,-3.5123312
1324,-3.6357245
1325,-3.437558
1326,-3.2964666
1327,-3.2950573
1328,-3.5155375
1329,-3.3770063
1330,-0.39074314
1331,12.137582
1332,66.87257
1333,95.95467
1334,136.201
1335,211.5912
1336,379.3471
1337,411.349
1338,473.0276
1339,499.76923
1340,477.3
1341,269.57767
1342,30.923834
1343,-4.8887286
1344,-4.729164
1345,-3.916439
1346,-3.0163746
1347,-3.5418556
1348,-3.657122
1349,-3.4500887
1350,-3.2544823
1351,-3.2886686
1352,-3.4954789
1353,-3.2112412
1354,0.20381545
1355,17.671686
1356,78.30889
1357,97.672516
1358,145.99452
1359,219.77385
1360,384.60196
1361,415.28076
1362,475.45596
1363,503.8314
1364,440.32526
1365,235.1102
1366,45.4177
1367,-2.8420715
1368,-4.514967
1369,-3.7121773
1370,-2.915694
1371,-3.4664245
1372,-3.6042862
1373,-3.4381452
1374,-3.2717457
1375,-3.2599196
1376,-3.4531069
1377,-3.2747874
1378,0.60214514
1379,16.129675
1380,77.10802
1381,93.49691
1382,138.91214
1383,265.38602
1384,414.99246
1385,448.72797
1386,520.7287
1387,526.02655
1388,493.59406
1389,330.9055
1390,59.855362
1391,-2.6975276
1392,-4.155768
1393,-3.55596
1394,-2.54003
1395,-3.2569954
1396,-3.491298
1397,-3.356619
1398,-3.182903
1399,-3.2078707
1400,-3.30814
1401,-3.072393
1402,3.3824203
1403,19.265627
1404,74.70393
1405,86.99868
1406,125.30506
1407,288.2332
1408,451.94626
1409,486.886
1410,553.97943
1411,571.9804
1412,536.3162
1413,370.64795
1414,53.92091
1415,-3.7549722
1416,-4.3555555
1417,-3.4430776
1418,-2.09604
1419,-3.2895026
1420,-3.4648154
1421,-3.2965605
1422,-3.2419162
1423,-3.1604252
1424,-3.3288093
1425,-3.1047475
1426,3.1500318
1427,28.438032
1428,67.40373
1429,89.019165
1430,130.88693
1431,294.12933
1432,456.8391
1433,500.41373
1434,563.2903
1435,567.2119
1436,527.75824
1437,347.7309
1438,51.52867
1439,-3.3042881
1440,-4.1033316
1441,-3.3540118
1442,-2.5265365
1443,-3.3355973
1444,-3.4794483
1445,-3.3411875
1446,-3.2897491
1447,-3.1767023
1448,-3.339602
1449,-3.1443596
1450,2.7028944
1451,23.436497
1452,67.32804
1453,92.66378
1454,136.70049
1455,270.5692
1456,400.42764
1457,435.20236
1458,509.9961
1459,526.7679
1460,504.82568
1461,347.02585
1462,66.300415
1463,-1.7347741
1464,-4.131646
1465,-3.4874694
1466,-2.1386352
1467,-3.391827
1468,-3.5001411
1469,-3.1938367
1470,-3.0472023
1471,-3.246555
1472,-3.3295844
1473,-2.4426613
1474,9.770364
1475,61.297924
1476,88.776184
1477,105.95148
1478,223.9808
1479,317.8831
1480,440.06567
1481,479.61386
1482,549.16077
1483,553.054
1484,539.23486
1485,388.0135
1486,71.889084
1487,-1.0261353
1488,-3.8520942
1489,-3.3576524
1490,-2.154466
1491,-3.2998254
1492,-3.4658842
1493,-3.3179345
1494,-3.231558
1495,-3.1273897
1496,-3.3162904
1497,-3.137008
1498,2.7954953
1499,27.4271
1500,70.084274
1501,93.91356
1502,141.12071
1503,287.75455
1504,423.31586
1505,469.1055
1506,541.92
1507,559.7435
1508,542.22
1509,378.46262
1510,65.98175
1511,-1.2088
1512,-3.8489468
1513,-3.4788377
1514,-2.2328331
1515,-3.2502897
1516,-3.47791
1517,-3.311299
1518,-3.173508
1519,-3.1255224
1520,-3.290078
1521,-3.0388994
1522,3.5253317
1523,33.409473
1524,74.772964
1525,92.99896
1526,145.71895
1527,279.04776
1528,426.89154
1529,485.9086
1530,555.3721
1531,576.6436
1532,566.98895
1533,411.58618
1534,64.60844
1535,-2.433419
1536,-4.0646353
1537,-3.3330138
1538,-2.1405613
1539,-3.2810822
1540,-3.4419737
1541,-3.2618692
1542,-3.260718
1543,-3.1838896
1544,-3.3187096
1545,-3.0122876
1546,5.049174
1547,32.502087
1548,65.04035
1549,91.756645
1550,135.21967
1551,262.15555
1552,397.84427
1553,423.3691
1554,480.5391
1555,502.29877
1556,476.85648
1557,318.56223
1558,59.727543
1559,-2.5555909
1560,-4.4740396
1561,-3.8171678
1562,-2.7151434
1563,-3.4058964
1564,-3.5771108
1565,-3.4253912
1566,-3.270912
1567,-3.2396848
1568,-3.460482
1569,-3.4108288
1570,0.1748902
1571,14.59645
1572,68.79431
1573,93.55379
1574,118.765236
1575,219.10257
1576,387.98685
1577,440.073
1578,515.39343
1579,545.21954
1580,498.78592
1581,318.16653
1582,45.04833
1583,-4.83473
1584,-4.861142
1585,-3.879751
1586,-2.9345312
1587,-3.4190025
1588,-3.5689957
1589,-3.3850157
1590,-3.2176769
1591,-3.2096205
1592,-3.4052856
1593,-3.2247348
1594,1.3687754
1595,24.728174
1596,78.03371
1597,90.70555
1598,112.4251
1599,212.70108
1600,389.78516
1601,451.0277
1602,536.5019
1603,561.9266
1604,524.5359
1605,326.60455
1606,34.28399
1607,-5.489617
1608,-4.9848404
1609,-3.924883
1610,-2.9942608
1611,-3.4173348
1612,-3.5540926
1613,-3.3814454
1614,-3.2049465
1615,-3.1709125
1616,-3.3334482
1617,-3.1336844
1618,2.5424845
1619,27.291798
1620,74.58359
1621,94.83724
1622,168.57358
1623,299.74847
1624,459.91763
1625,465.99197
1626,518.82025
1627,498.66238
1628,520.7491
1629,373.21075
1630,74.2102
1631,-1.4499962
1632,-3.683945
1633,-3.5903225
1634,-2.4226499
1635,-3.2769952
1636,-3.4588614
1637,-3.325838
1638,-3.1727211
1639,-3.1394506
1640,-3.305803
1641,-3.1445475
1642,2.8667572
1643,30.767065
1644,73.3272
1645,90.90633
1646,122.40851
1647,233.8764
1648,362.67358
1649,451.52264
1650,516.5286
1651,516.5729
1652,432.80338
1653,101.951996
1654,69.350845
1655,1.8794355
1656,-4.2740645
1657,-3.5147388
1658,-3.243525
1659,-3.1804252
1660,-3.492484
1661,-3.4488556
1662,-3.1790628
1663,-3.2438774
1664,-3.392837
1665,-3.2895377
1666,2.5027902
1667,19.865217
1668,70.642914
1669,90.995316
1670,124.043594
1671,231.26627
1672,398.42285
1673,450.94287
1674,516.85046
1675,519.10803
1676,432.66898
1677,262.9949
1678,55.785202
1679,-4.9154344
1680,-4.299701
1681,-3.148282
1682,-2.8059707
1683,-3.404816
1684,-3.496524
1685,-3.4310753
1686,-3.2808943
1687,-3.3302891
1688,-3.4493723
1689,-3.3769124
1690,1.8751255
1691,15.809425
1692,70.78969
1693,93.20587
1694,123.69403
1695,228.1575
1696,406.23093
1697,432.26837
1698,486.34088
1699,493.80237
1700,430.94666
1701,255.8374
1702,55.324577
1703,-3.3495727
1704,-4.6586657
1705,-3.8245194
1706,-3.0148008
1707,-3.4927778
1708,-3.6368284
1709,-3.4660604
1710,-3.2934601
1711,-3.2608356
1712,-3.475197
1713,-3.3929899
1714,-0.5550521
1715,7.7750745
1716,59.919624
1717,89.61769
1718,109.15657
1719,209.91249
1720,415.2865
1721,480.79388
1722,562.76495
1723,540.35736
1724,471.21472
1725,250.49693
1726,34.87131
1727,-4.95965
1728,-4.944371
1729,-3.9647887
1730,-3.13022
1731,-3.4781096
1732,-3.6081028
1733,-3.426965
1734,-3.243126
1735,-3.219638
1736,-3.4211164
1737,-3.2738714
1738,0.49084818
1739,14.018216
1740,72.569084
1741,88.680466
1742,119.48751
1743,264.1146
1744,482.51282
1745,459.80997
1746,479.10864
1747,485.24765
1748,396.99326
1749,210.60959
1750,31.387407
